0 map 0.4249999999999998 -4.4750000000000005 0.0 0.0 0.0 0.0 1.0 end
1 map 0.8749999999999991 -4.4750000000000005 0.0 0.0 0.0 0.0 1.0 end
2 map 1.3250000000000002 -4.4750000000000005 0.0 0.0 0.0 0.0 1.0 end
3 map 1.7749999999999995 -4.4750000000000005 0.0 0.0 0.0 0.0 1.0 end
4 map 2.2250000000000005 -4.4750000000000005 0.0 0.0 0.0 0.0 1.0 end
5 map 2.2250000000000005 -4.925 0.0 0.0 0.0 -0.7071067811865475 0.7071067811865476 end
6 map 2.675 -4.925 0.0 0.0 0.0 0.0 1.0 end
7 map 3.124999999999999 -4.925 0.0 0.0 0.0 0.0 1.0 end
8 map 3.575 -4.925 0.0 0.0 0.0 0.0 1.0 end
9 map 4.0249999999999995 -4.925 0.0 0.0 0.0 0.0 1.0 end
10 map 4.0249999999999995 -4.4750000000000005 0.0 0.0 0.0 0.7071067811865475 0.7071067811865476 end
11 map 4.4750000000000005 -4.4750000000000005 0.0 0.0 0.0 0.0 1.0 end
12 map 4.4750000000000005 -4.925 0.0 0.0 0.0 -0.7071067811865475 0.7071067811865476 end
13 map 4.4750000000000005 -5.374999999999999 0.0 0.0 0.0 -0.7071067811865475 0.7071067811865476 end
14 map 4.0249999999999995 -5.374999999999999 0.0 0.0 0.0 1.0 6.123233995736766e-17 end
15 map 3.575 -5.374999999999999 0.0 0.0 0.0 1.0 6.123233995736766e-17 end
16 map 3.124999999999999 -5.374999999999999 0.0 0.0 0.0 1.0 6.123233995736766e-17 end
17 map 2.675 -5.374999999999999 0.0 0.0 0.0 1.0 6.123233995736766e-17 end
18 map 2.2250000000000005 -5.374999999999999 0.0 0.0 0.0 1.0 6.123233995736766e-17 end
19 map 1.7749999999999995 -4.925 0.0 0.0 0.0 0.9238795325112872 0.3826834323650888 end
20 map 1.3250000000000002 -4.925 0.0 0.0 0.0 1.0 6.123233995736766e-17 end
21 map 1.3250000000000002 -4.0249999999999995 0.0 0.0 0.0 0.7071067811865475 0.7071067811865476 end
22 map 1.3250000000000002 -5.374999999999999 0.0 0.0 0.0 -0.7071067811865475 0.7071067811865476 end
23 map 1.7749999999999995 -5.374999999999999 0.0 0.0 0.0 0.0 1.0 end
24 map 0.8749999999999991 -5.374999999999999 0.0 0.0 0.0 1.0 6.123233995736766e-17 end
25 map 0.4249999999999998 -5.374999999999999 0.0 0.0 0.0 1.0 6.123233995736766e-17 end
26 map 0.4249999999999998 -4.925 0.0 0.0 0.0 0.7071067811865475 0.7071067811865476 end
27 map 0.8749999999999991 -4.925 0.0 0.0 0.0 0.0 1.0 end
